0
112.15168366025858
115.87976760712044
-25.87626157524245
-47.63583973022593
-102.51798161625867
-50.28931939534423
-81.36835979522428
20.937137932603864
172.90067195044622
170.88408456102303
-111.39443612410824
-25.596134811336782
-8.872080514481365
120.36150945828494
35.09400746548555
41.78966377564594
-199.417694554477
17.739840911006766
8.536094604351394
133.07321032993434
61.45777124452274
-68.39998714317588
-114.50737628446288
-12.546908411243017
-64.18048540231443
7.5204188889828165
23.784678604265522
104.7686305035106
19.457189907511072
-31.192808551597995
107.8008803863378
-51.113619665202506
215.83283486050624
-20.00277219505431
-238.03992037475703
152.54780550242907
-8.264958507502971
9.132767357443093
-318.7446708031507
73.47903221011947
-88.08890615867347
-214.92225985184388
-248.10351286701055
132.6571830429369
-80.84248999505527
101.17564239332354
-9.181993911549814
14.915094740137494
-104.8205476335454
-33.08742047935343
7.179806681320211
-184.25133970983944
60.85422476729895
-105.23084916569934
-112.70614896653412
-163.49566850976726
59.10706515974698
105.97835497961002
-79.92267914255191
38.71059100255113
36.83621294842193
-56.62420213191041
162.703482000836
38.966756462945305
52.65614060178668
19.572250823888282
78.3237492854415
-7.319122625688633
-8.260172573617519
-3.6335435361603645
-27.982532973995298
160.52794580252908
-46.045038934676406
18.020626560130598
-72.72582676412775
-76.79331515104266
33.04325359078502
-168.91523922409667
-6.570719230959342
149.51790537371235
-43.38473796568856
-127.89444473216383
-201.57815962864038
33.50786529173141
144.00916385078457
272.11378266304615
-266.61250343577643
-96.6383316211537
74.02375302183721
-96.2781653263983
-54.803465700534126
122.40201068045616
-171.59692158209882
-123.18985206930327
46.150783213356625
94.98932651194292
-224.5916586815775
-128.4912001008342
-181.70494792877705
-57.31455513584651
125.59344771442974
-90.09265852534841
-7.667562112798454
-5.596374735201185
-4.969756176817489
77.53696759278961
40.3971517692556
89.16507316984323
-34.53639142380773
-91.08124700439514
35.63239710170188
14.576679307468122
114.17640660622817
2.710487792247929
70.49391798450868
28.427721920809553
-149.49956809903986
2.267562661459684
17.453516085216915
-27.373649416581475
-25.71091356783144
-265.5562498778209
266.78834256941104
154.22621361592923
10.444257646199073
81.33979037103335
-16.67932038812252
-160.62046283030634
109.8552118857601
-37.241469365780944
-224.92865416287924
118.16961535783562
-34.7319848792788
-92.93721251204138
168.7087751037757
34.22446826043083
-23.47980107942783
56.53896771755452
41.35331189622881
-183.1035006910302
127.78103532816033
-79.09335247986297
211.52759423749242
133.94923912286527
-4.897075280049688
-160.78184245402386
-19.809765792760807
131.45012964441057
32.312414971041754
53.59722625344873
-9.172128100627875
-48.91914232364191
14.100688164951976
-74.56607455333588
24.672899966466677
140.07462852669832
347.92171021066304
215.58081194396254
23.44610853219807
-43.93006767066501
-179.6791035436992
8.012176956179228
299.0105263761886
71.8551618456317
-27.70431433762477
154.15871031611368
-163.7148386536548
140.0985728497824
169.0265505638304
-52.8065040802337
61.08276157178587
94.90181449203108
91.9560876700842
28.137774165164892
172.13840262699728
-157.94670595356357
-99.83800765084072
-176.55064348029657
-23.21511370609876
-113.30546147321822
-18.86282471385689
-64.05913178891595
-81.03134789031078
63.17806303174408
-75.07650704115889
86.35346857257738
-62.47080027976562
-115.5630535110729
-83.09403988397239
185.29399963469592
-46.044845141438344
218.3662414753242
-62.62569661222806
-89.53216671555224
44.11321900211393
-5.441386562032375
68.00436950103835
-66.0119891584286
208.78639540244097
-146.47321243961517
-103.76614006219174
-122.45631302324249
21.267906678483694
50.955619362710415
148.07093004884663
42.641286246880426
89.97693232284934
170.10449413645227
-280.4196273981373
-181.7865778418253
-111.22638619392959
-88.67611268232393
25.62884479094623
-56.95863281453552
74.11649208017461
-25.271371159510718
-57.72035759231108
-34.50168669115018
61.55848128446754
88.44959685977624
-89.97387747824243
-155.25990881073966
44.07148157685361
238.62238482699996
-54.479468269400996
10.528532393833466
-68.24632569950312
7.829469635324766
5.873964477624438
37.0995568912064
114.68512207431705
14.042981371251757
-113.43289346775964
43.124927957012424
96.99659947234531
-96.08462944801744
-181.37079566968566
166.9803651728102
106.59216849703343
57.46394163655044
-13.322687143826062
-30.5767195089599
-52.20457038236484
-178.55815199343255
-70.65331542300672
-33.342261593070496
-179.10457636719488
-32.2523869536927
30.198553038843198
-127.76585413022516
13.315622980678363
-6.21500219923846
-264.08331716788314
-262.8321431474695
-174.1524459456689
41.831113777275554
128.9712364245412
67.46930244492538
118.47614806004555
90.5882734145958
17.257381999469768
-317.57308679318953
186.5890467976999
-136.98071674929392
-48.840506288571845
-92.27043946355104
-94.34070670121585
135.433128097306
161.19703642879918
-45.31553800363685
-149.4746741930848
110.56082088556323
-23.6399386557533
85.66394138194126
103.30068886119619
20.894444451489147
-56.24017362041565
-32.60819532202313
25.419955590845483
72.43813114327135
23.84957474165142
-135.9599730229761
-21.25160764492877
-15.532394879247395
-133.67426040187303
159.29477134873133
-14.546855565331942
-139.6159588656039
205.30511446285456
45.0623699970337
89.85197838005192
27.289198149031375
205.69658100075765
-45.0789182103664
-35.659181397649
-45.66802771188568
48.31728618063828
-68.78988594818317
91.76721894109902
-90.32283774866602
-101.80603182648417
-30.24053223561778
-95.60840377747716
-27.85603299361684
55.89719756667427
-38.6390333052396
-81.0728578121177
-187.23607387130613
-172.53719482141938
37.406128659398064
74.82873682840466
301.5350484110919
125.67560766624304
128.04900313099563
47.809399075292134
-26.60882395682576
180.95537165273987
-63.92572817256437
125.8649369837203
150.995028713421
-38.74330553038992
-209.5959547053606
-105.81803522917787
0.6001510650315425
-49.256462044748325
-42.67394202990054
157.15897793417548
131.6985466476116
20.359218190277705
-94.72572196820795
185.91307007898962
-71.81644700877249
61.14256020787431
76.218873346563
96.73174431539263
-111.5236338107861
111.89481008023643
-40.29775768819775
85.39258193069796
-89.42847721078103
-209.90441629879945
157.44047082682533
-99.3066627475365
61.51191159234947
123.78655011936631
27.258224498667087
-183.0311105952048
-38.690405112104514
-52.39414508896391
-123.46638368844049
8.19900374546322
-96.01135203162909
-44.968485607543904
-171.24404950220813
-226.5354136362825
0.6333155422228531
-214.61209306107492
184.56174488485152
-14.226336315631524
12.791557303404815
29.71338309764349
240.2455585754289
-33.44056051124669
130.94315412414926
53.97167040560835
6.817425681491716
-92.82993963412683
-15.189375981917838
224.42685751136963
-19.916669352584027
-146.18579238112645
-55.55589316054297
-100.51780321449857
3.7528066218940044
-19.259283461482784
-67.26068345514396
-22.292863903003447
-181.31982467586883
-130.14539393967848
41.927872814134865
-43.56831172358609
-165.05071334320724
85.35350505157122
-5.4771431201329515
130.7853447404725
-52.65541698354841
-2.3383700861904595
172.64455599386147
168.7506861024001
42.292347651311644
-32.40855403452046
56.044778528922905
108.66576012520932
-42.00149780801454
-75.457667333049
-88.14850962273312
-194.76240066919817
123.08157289613933
62.994782746863024
53.28168449996285
